Nodes, Prob, Edges, Messages
20, 0.2053, 39,     198
50, 0.2057, 252,    1016
100, 0.1951, 966,   3381
150, 0.2012, 2248,  6646
200, 0.1987, 3954.  9954
250, 0.2010, 6255,  16049
300, 0.1982, 8888,  22054
350, 0.2009, 12269, 30942
400, 0.2001, 15969, 37643
---
20, 0.7789, 148,    505
50, 0.7869, 964,    2436
100, 08103, 4011,   9049
150, 0.8064, 9012,  19525
200, 0.7949, 15819, 34471
250, 0.7976, 24826, 53218
300, 0.7996, 35860, 76051
350, 0.8010, 48923, 102848
400, 0.8000, 63838, 133375
---
Nodes, Prob, Edges, Runtime
5    0.000503
10   0.242961
20   0.770877
50   3.93151
100  11.9101
150  23.478
200  38.7509
250  54.9079
300  78.804
350  95.1269
400  128.236
