34
(0 , 1, 305)
(0 , 2, 688)
(0 , 3, 766)
(0 , 4, 701)
(0 , 5, 243)
(0 , 6, 866)
(0 , 7, 583)
(0 , 8, 919)
(0 , 9, 767)
(0 , 10, 1117)
(0 , 11, 26)
(0 , 12, 399)
(0 , 13, 1056)
(0 , 14, 190)
(0 , 15, 79)
(0 , 16, 1065)
(0 , 17, 231)
(0 , 18, 520)
(0 , 19, 24)
(0 , 20, 11)
(0 , 21, 256)
(0 , 22, 519)
(0 , 23, 474)
(0 , 24, 547)
(0 , 25, 619)
(0 , 26, 462)
(0 , 27, 75)
(0 , 28, 693)
(0 , 29, 121)
(0 , 30, 116)
(0 , 31, 115)
(0 , 32, 659)
(0 , 33, 854)
(1 , 2, 218)
(1 , 3, 263)
(1 , 4, 28)
(1 , 5, 721)
(1 , 6, 918)
(1 , 7, 309)
(1 , 8, 352)
(1 , 9, 505)
(1 , 10, 196)
(1 , 11, 878)
(1 , 12, 122)
(1 , 13, 938)
(1 , 14, 416)
(1 , 15, 261)
(1 , 16, 319)
(1 , 17, 535)
(1 , 18, 680)
(1 , 19, 493)
(1 , 20, 211)
(1 , 21, 200)
(1 , 22, 518)
(1 , 23, 345)
(1 , 24, 186)
(1 , 25, 975)
(1 , 26, 895)
(1 , 27, 715)
(1 , 28, 732)
(1 , 29, 719)
(1 , 30, 527)
(1 , 31, 25)
(1 , 32, 945)
(1 , 33, 671)
(2 , 3, 444)
(2 , 4, 782)
(2 , 5, 987)
(2 , 6, 679)
(2 , 7, 289)
(2 , 8, 745)
(2 , 9, 41)
(2 , 10, 379)
(2 , 11, 418)
(2 , 12, 760)
(2 , 13, 375)
(2 , 14, 124)
(2 , 15, 201)
(2 , 16, 139)
(2 , 17, 700)
(2 , 18, 422)
(2 , 19, 669)
(2 , 20, 965)
(2 , 21, 392)
(2 , 22, 779)
(2 , 23, 624)
(2 , 24, 850)
(2 , 25, 81)
(2 , 26, 559)
(2 , 27, 207)
(2 , 28, 73)
(2 , 29, 823)
(2 , 30, 189)
(2 , 31, 824)
(2 , 32, 524)
(2 , 33, 797)
(3 , 4, 173)
(3 , 5, 101)
(3 , 6, 984)
(3 , 7, 23)
(3 , 8, 282)
(3 , 9, 83)
(3 , 10, 783)
(3 , 11, 847)
(3 , 12, 972)
(3 , 13, 180)
(3 , 14, 946)
(3 , 15, 636)
(3 , 16, 999)
(3 , 17, 274)
(3 , 18, 497)
(3 , 19, 691)
(3 , 20, 751)
(3 , 21, 592)
(3 , 22, 135)
(3 , 23, 937)
(3 , 24, 265)
(3 , 25, 628)
(3 , 26, 1087)
(3 , 27, 1041)
(3 , 28, 267)
(3 , 29, 777)
(3 , 30, 501)
(3 , 31, 1062)
(3 , 32, 692)
(3 , 33, 564)
(4 , 5, 560)
(4 , 6, 762)
(4 , 7, 682)
(4 , 8, 969)
(4 , 9, 981)
(4 , 10, 42)
(4 , 11, 548)
(4 , 12, 1017)
(4 , 13, 1050)
(4 , 14, 90)
(4 , 15, 749)
(4 , 16, 630)
(4 , 17, 49)
(4 , 18, 199)
(4 , 19, 169)
(4 , 20, 902)
(4 , 21, 449)
(4 , 22, 341)
(4 , 23, 170)
(4 , 24, 771)
(4 , 25, 358)
(4 , 26, 313)
(4 , 27, 705)
(4 , 28, 467)
(4 , 29, 500)
(4 , 30, 154)
(4 , 31, 742)
(4 , 32, 447)
(4 , 33, 574)
(5 , 6, 1115)
(5 , 7, 506)
(5 , 8, 905)
(5 , 9, 880)
(5 , 10, 321)
(5 , 11, 1108)
(5 , 12, 942)
(5 , 13, 85)
(5 , 14, 144)
(5 , 15, 993)
(5 , 16, 463)
(5 , 17, 763)
(5 , 18, 423)
(5 , 19, 458)
(5 , 20, 336)
(5 , 21, 132)
(5 , 22, 912)
(5 , 23, 9)
(5 , 24, 549)
(5 , 25, 405)
(5 , 26, 967)
(5 , 27, 662)
(5 , 28, 382)
(5 , 29, 775)
(5 , 30, 570)
(5 , 31, 1110)
(5 , 32, 473)
(5 , 33, 348)
(6 , 7, 426)
(6 , 8, 874)
(6 , 9, 331)
(6 , 10, 141)
(6 , 11, 191)
(6 , 12, 667)
(6 , 13, 372)
(6 , 14, 915)
(6 , 15, 608)
(6 , 16, 503)
(6 , 17, 955)
(6 , 18, 1010)
(6 , 19, 323)
(6 , 20, 743)
(6 , 21, 37)
(6 , 22, 415)
(6 , 23, 480)
(6 , 24, 885)
(6 , 25, 465)
(6 , 26, 294)
(6 , 27, 600)
(6 , 28, 1020)
(6 , 29, 111)
(6 , 30, 485)
(6 , 31, 511)
(6 , 32, 43)
(6 , 33, 155)
(7 , 8, 578)
(7 , 9, 952)
(7 , 10, 77)
(7 , 11, 674)
(7 , 12, 934)
(7 , 13, 982)
(7 , 14, 714)
(7 , 15, 792)
(7 , 16, 461)
(7 , 17, 302)
(7 , 18, 877)
(7 , 19, 314)
(7 , 20, 643)
(7 , 21, 665)
(7 , 22, 46)
(7 , 23, 142)
(7 , 24, 193)
(7 , 25, 386)
(7 , 26, 1036)
(7 , 27, 558)
(7 , 28, 296)
(7 , 29, 995)
(7 , 30, 259)
(7 , 31, 963)
(7 , 32, 710)
(7 , 33, 478)
(8 , 9, 171)
(8 , 10, 401)
(8 , 11, 569)
(8 , 12, 277)
(8 , 13, 165)
(8 , 14, 694)
(8 , 15, 332)
(8 , 16, 612)
(8 , 17, 420)
(8 , 18, 696)
(8 , 19, 699)
(8 , 20, 563)
(8 , 21, 194)
(8 , 22, 303)
(8 , 23, 796)
(8 , 24, 668)
(8 , 25, 875)
(8 , 26, 1098)
(8 , 27, 242)
(8 , 28, 1070)
(8 , 29, 268)
(8 , 30, 591)
(8 , 31, 649)
(8 , 32, 436)
(8 , 33, 297)
(9 , 10, 326)
(9 , 11, 350)
(9 , 12, 349)
(9 , 13, 130)
(9 , 14, 907)
(9 , 15, 839)
(9 , 16, 568)
(9 , 17, 99)
(9 , 18, 884)
(9 , 19, 217)
(9 , 20, 928)
(9 , 21, 47)
(9 , 22, 91)
(9 , 23, 954)
(9 , 24, 438)
(9 , 25, 966)
(9 , 26, 491)
(9 , 27, 286)
(9 , 28, 863)
(9 , 29, 301)
(9 , 30, 53)
(9 , 31, 445)
(9 , 32, 727)
(9 , 33, 795)
(10 , 11, 320)
(10 , 12, 234)
(10 , 13, 540)
(10 , 14, 844)
(10 , 15, 961)
(10 , 16, 279)
(10 , 17, 722)
(10 , 18, 450)
(10 , 19, 683)
(10 , 20, 402)
(10 , 21, 380)
(10 , 22, 948)
(10 , 23, 909)
(10 , 24, 842)
(10 , 25, 1027)
(10 , 26, 376)
(10 , 27, 784)
(10 , 28, 237)
(10 , 29, 973)
(10 , 30, 571)
(10 , 31, 495)
(10 , 32, 1059)
(10 , 33, 653)
(11 , 12, 514)
(11 , 13, 131)
(11 , 14, 364)
(11 , 15, 814)
(11 , 16, 998)
(11 , 17, 391)
(11 , 18, 943)
(11 , 19, 371)
(11 , 20, 287)
(11 , 21, 673)
(11 , 22, 1049)
(11 , 23, 922)
(11 , 24, 407)
(11 , 25, 430)
(11 , 26, 271)
(11 , 27, 1032)
(11 , 28, 834)
(11 , 29, 14)
(11 , 30, 453)
(11 , 31, 1040)
(11 , 32, 806)
(11 , 33, 935)
(12 , 13, 882)
(12 , 14, 360)
(12 , 15, 621)
(12 , 16, 927)
(12 , 17, 470)
(12 , 18, 395)
(12 , 19, 504)
(12 , 20, 525)
(12 , 21, 168)
(12 , 22, 238)
(12 , 23, 1073)
(12 , 24, 71)
(12 , 25, 490)
(12 , 26, 240)
(12 , 27, 1000)
(12 , 28, 908)
(12 , 29, 307)
(12 , 30, 994)
(12 , 31, 437)
(12 , 32, 129)
(12 , 33, 1077)
(13 , 14, 872)
(13 , 15, 127)
(13 , 16, 837)
(13 , 17, 681)
(13 , 18, 347)
(13 , 19, 489)
(13 , 20, 216)
(13 , 21, 611)
(13 , 22, 879)
(13 , 23, 517)
(13 , 24, 222)
(13 , 25, 153)
(13 , 26, 567)
(13 , 27, 507)
(13 , 28, 431)
(13 , 29, 123)
(13 , 30, 893)
(13 , 31, 87)
(13 , 32, 772)
(13 , 33, 1075)
(14 , 15, 488)
(14 , 16, 145)
(14 , 17, 149)
(14 , 18, 454)
(14 , 19, 221)
(14 , 20, 483)
(14 , 21, 678)
(14 , 22, 98)
(14 , 23, 151)
(14 , 24, 410)
(14 , 25, 689)
(14 , 26, 599)
(14 , 27, 753)
(14 , 28, 666)
(14 , 29, 864)
(14 , 30, 84)
(14 , 31, 644)
(14 , 32, 730)
(14 , 33, 672)
(15 , 16, 996)
(15 , 17, 119)
(15 , 18, 475)
(15 , 19, 587)
(15 , 20, 523)
(15 , 21, 1054)
(15 , 22, 815)
(15 , 23, 1013)
(15 , 24, 177)
(15 , 25, 980)
(15 , 26, 355)
(15 , 27, 891)
(15 , 28, 1038)
(15 , 29, 338)
(15 , 30, 1094)
(15 , 31, 838)
(15 , 32, 888)
(15 , 33, 785)
(16 , 17, 1106)
(16 , 18, 1029)
(16 , 19, 765)
(16 , 20, 1002)
(16 , 21, 509)
(16 , 22, 203)
(16 , 23, 6)
(16 , 24, 66)
(16 , 25, 78)
(16 , 26, 156)
(16 , 27, 754)
(16 , 28, 1119)
(16 , 29, 852)
(16 , 30, 1048)
(16 , 31, 137)
(16 , 32, 253)
(16 , 33, 230)
(17 , 18, 176)
(17 , 19, 212)
(17 , 20, 390)
(17 , 21, 889)
(17 , 22, 383)
(17 , 23, 103)
(17 , 24, 146)
(17 , 25, 899)
(17 , 26, 827)
(17 , 27, 585)
(17 , 28, 627)
(17 , 29, 96)
(17 , 30, 826)
(17 , 31, 642)
(17 , 32, 65)
(17 , 33, 528)
(18 , 19, 931)
(18 , 20, 472)
(18 , 21, 947)
(18 , 22, 398)
(18 , 23, 986)
(18 , 24, 1057)
(18 , 25, 496)
(18 , 26, 639)
(18 , 27, 152)
(18 , 28, 651)
(18 , 29, 617)
(18 , 30, 67)
(18 , 31, 626)
(18 , 32, 1053)
(18 , 33, 174)
(19 , 20, 448)
(19 , 21, 831)
(19 , 22, 62)
(19 , 23, 803)
(19 , 24, 532)
(19 , 25, 773)
(19 , 26, 758)
(19 , 27, 896)
(19 , 28, 791)
(19 , 29, 712)
(19 , 30, 8)
(19 , 31, 562)
(19 , 32, 737)
(19 , 33, 366)
(20 , 21, 254)
(20 , 22, 740)
(20 , 23, 208)
(20 , 24, 1092)
(20 , 25, 750)
(20 , 26, 471)
(20 , 27, 250)
(20 , 28, 113)
(20 , 29, 595)
(20 , 30, 293)
(20 , 31, 333)
(20 , 32, 179)
(20 , 33, 20)
(21 , 22, 697)
(21 , 23, 956)
(21 , 24, 2)
(21 , 25, 746)
(21 , 26, 843)
(21 , 27, 821)
(21 , 28, 546)
(21 , 29, 541)
(21 , 30, 1044)
(21 , 31, 389)
(21 , 32, 466)
(21 , 33, 676)
(22 , 23, 456)
(22 , 24, 720)
(22 , 25, 941)
(22 , 26, 916)
(22 , 27, 731)
(22 , 28, 1074)
(22 , 29, 726)
(22 , 30, 330)
(22 , 31, 1079)
(22 , 32, 526)
(22 , 33, 198)
(23 , 24, 774)
(23 , 25, 125)
(23 , 26, 80)
(23 , 27, 143)
(23 , 28, 136)
(23 , 29, 245)
(23 , 30, 1)
(23 , 31, 34)
(23 , 32, 275)
(23 , 33, 290)
(24 , 25, 939)
(24 , 26, 1101)
(24 , 27, 182)
(24 , 28, 855)
(24 , 29, 594)
(24 , 30, 164)
(24 , 31, 1120)
(24 , 32, 494)
(24 , 33, 1003)
(25 , 26, 845)
(25 , 27, 486)
(25 , 28, 82)
(25 , 29, 1067)
(25 , 30, 411)
(25 , 31, 690)
(25 , 32, 510)
(25 , 33, 597)
(26 , 27, 661)
(26 , 28, 1069)
(26 , 29, 911)
(26 , 30, 953)
(26 , 31, 114)
(26 , 32, 68)
(26 , 33, 976)
(27 , 28, 477)
(27 , 29, 359)
(27 , 30, 871)
(27 , 31, 786)
(27 , 32, 529)
(27 , 33, 93)
(28 , 29, 735)
(28 , 30, 228)
(28 , 31, 502)
(28 , 32, 181)
(28 , 33, 1068)
(29 , 30, 950)
(29 , 31, 157)
(29 , 32, 557)
(29 , 33, 21)
(30 , 31, 892)
(30 , 32, 1021)
(30 , 33, 227)
(31 , 32, 128)
(31 , 33, 419)
(32 , 33, 160)
