( 40 , 13 , 34130 )
( 24 , 34 , 36401 )
( 18 , 48 , 38646 )
( 12 , 29 , 123834 )
( 4 , 47 , 210366 )
( 38 , 19 , 217256 )
( 32 , 15 , 240369 )
( 5 , 16 , 323804 )
( 40 , 7 , 380871 )
( 10 , 44 , 637060 )
( 11 , 48 , 655282 )
( 31 , 47 , 714875 )
( 49 , 0 , 761140 )
( 43 , 2 , 811987 )
( 44 , 3 , 812179 )
( 32 , 34 , 882754 )
( 5 , 45 , 955141 )
( 36 , 39 , 971014 )
( 48 , 47 , 985952 )
( 44 , 17 , 1045965 )
( 19 , 47 , 1095841 )
( 35 , 23 , 1133574 )
( 10 , 39 , 1145634 )
( 6 , 48 , 1168913 )
( 20 , 27 , 1206256 )
( 32 , 44 , 1420319 )
( 11 , 7 , 1643445 )
( 27 , 8 , 1715297 )
( 34 , 16 , 1731363 )
( 0 , 38 , 1783732 )
( 33 , 47 , 1866554 )
( 18 , 41 , 2052038 )
( 12 , 38 , 2054316 )
( 39 , 38 , 2090150 )
( 8 , 39 , 2100265 )
( 4 , 30 , 2173355 )
( 14 , 30 , 2191213 )
( 27 , 43 , 2240698 )
( 23 , 47 , 2241663 )
( 22 , 11 , 2502695 )
( 9 , 48 , 2606477 )
( 25 , 12 , 2670753 )
( 26 , 28 , 2738968 )
( 15 , 37 , 2758568 )
( 6 , 21 , 2900914 )
( 42 , 46 , 4155224 )
( 6 , 42 , 4367739 )
( 30 , 28 , 4393130 )
( 4 , 1 , 5832000 )
